# set in accordance with /home/ami/jy_models/JueyingMiniLiteV2/urdf/MiniLiteV2_Rsm.urdf

# Body config

M : 7.01 # {INERTIAmass 5.298} + {_HIPmass 0.428} * 4
Lc: 0.046396
L : 0.35
LL : 0.45 # from zlq
J : 0.06865477 
# 0.014357+ 2*(0.00024024 + 0.428×(0.175 − 0.0047 + 0.046396)^2) + 2*(0.00024024 + 0.428×(0.175 − 0.0047 - 0.046396)^2 )
# {INERTIAiyy 0.014357} + 2*({_HIPiyy 0.00024024} + {_HIPmass 0.428}×({HipXx 0.175} + {INERTIAx 0.046396}  − {_HIPx 0.0047})^2 ) + 2*({_HIPiyy 0.00024024} + {_HIPmass 0.428}×({HipXx 0.175} - {INERTIAx 0.046396}  − {_HIPx 0.0047})^2 )
LW : 0.272 # 2* ({_HipX y: 0.055} + {_HipY y: 0.081})
LWc : -0.0017592
LLW : 0.272
Jxx: 0.013750577
# 0.0095569 + 2*(0.00014538 + 0.428×(0.055 -0.0091 + 0.0017592)^2) + 2*(0.00014538 + 0.428×(0.055 -0.0091 - 0.0017592)^2)

m1 : 1.220 # {_THIGHmass 0.610}*2
l1 : 0.18
lc1 : 0.0273 # _THIGH inertial originz
j1 : 0.00232 #{THIGHiyy 0.00116}*2
j1xx : 0.002 #{THIGHixx 0.001}*2

m2 : 0.29 # {_SHANKmass 0.145}*2
l2 : 0.2 # from zlq
lc2 : 0.12 # { _SHANK inertialz }
j2 : 0.001372 # { _SHANKiyy 0.000686} * 2
j2xx : 0.001372 # { _SHANKixx 0.000686} * 2

# tau0lim : 52
# tau1lim : 52 # 26
# tau2lim : 102 # 51

# real
# ang0max : 0.523 
# ang0min : -0.523 
ang1max : 2.76 ## 158/180*pi
ang1min : -0.49 ## -28/180*pi
ang2min : -2.84 ## -163/180*pi
ang2max : -0.66 ## -38/180*pi

# dang0lim : 20
# dang1lim : 20
# dang2lim : 20

param.fContact : 1
param.bContact : 1

# ideal
tau0lim : 52
tau1lim : 52 # 26
tau2lim : 102 # 51

ang0max : 1.2
ang0min : -1.2

dang0lim : 100
dang1lim : 100
dang2lim : 100


